Topo_PY.asc
ncols         591
nrows         825
xllcorner     99.8092900000
yllcorner     19.1140303425
cellsize      0.00018075110000001
nodata_value  -9999.0
[rows 240 to 269 of 825, columns 136 to 203 of 591]
397.366 397.191 397.181 397.412 397.493 397.535 397.6 397.722 397.846 397.86 397.86 397.861 397.841 397.708 397.574 397.461 397.365 397.278 397.229 397.143 397.22 397.235 397.384 397.746 397.839 397.759 397.461 397.237 397.086 396.855 396.559 396.484 396.614 396.731 396.654 396.69 396.515 396.458 396.536 396.499 396.335 396.372 396.423 396.308 396.576 396.872 397.011 396.94 396.843 396.736 396.644 396.509 396.364 396.221 396.205 396.037 396.055 396.016 396.154 396.315 396.491 396.492 396.155 395.734 395.559 395.604 395.556 395.433
397.424 396.867 396.647 397.419 397.536 397.586 397.647 397.73 397.849 397.86 397.86 397.856 397.81 397.724 397.633 397.523 397.405 397.34 397.337 397.443 397.628 397.625 397.562 397.282 397.262 397.147 396.977 396.881 397.184 397.366 397.019 396.766 396.653 396.708 396.501 396.416 396.478 396.67 396.728 396.585 396.372 396.354 396.272 396.062 396.237 396.51 396.691 396.778 396.842 396.822 396.763 396.705 396.689 396.769 397.099 396.891 396.883 396.39 396.351 396.403 396.525 396.501 396.146 395.712 395.484 395.549 395.582 395.584
397.556 396.737 396.842 397.578 397.634 397.675 397.735 397.807 397.857 397.86 397.86 397.863 397.856 397.785 397.695 397.609 397.644 397.541 397.466 397.191 396.98 396.93 396.946 396.956 396.98 396.925 396.828 396.648 396.606 396.644 396.819 397.067 396.947 396.863 396.766 396.757 396.797 396.84 396.828 396.736 396.541 396.458 396.395 396.316 396.452 396.555 396.691 396.847 396.997 396.951 396.893 396.809 396.699 396.48 396.442 396.434 396.462 396.338 396.438 396.415 396.516 396.488 396.12 395.666 395.392 395.461 395.556 395.604
397.356 396.72 397.642 397.808 397.767 397.772 397.823 397.874 397.861 397.86 397.86 397.867 397.892 397.836 397.79 397.944 397.892 397.491 397.166 396.916 396.765 396.699 396.703 396.742 396.766 396.74 396.693 396.549 396.361 396.372 396.517 396.56 396.576 396.788 396.76 396.697 396.184 396.166 396.282 396.746 396.78 396.749 396.707 396.613 396.179 396.148 396.191 396.131 396.086 396.066 396.042 395.988 396.036 396.084 396.202 396.234 396.062 395.764 395.894 396.27 396.46 396.455 396.079 395.613 395.341 395.446 395.566 395.612
396.877 397.147 398.016 398.023 397.949 397.899 397.913 397.928 397.862 397.86 397.86 397.865 397.92 398.081 398.172 398.021 397.478 397.263 397.042 396.787 396.623 396.545 396.528 396.536 396.551 396.527 396.443 396.23 396.085 396.171 396.306 396.207 396.005 395.978 395.969 395.939 395.794 395.612 395.567 395.776 395.77 395.437 395.277 395.357 395.429 395.581 395.675 395.666 395.651 395.613 395.565 395.666 395.804 395.929 396.048 396.049 395.84 395.537 395.545 395.82 396.32 396.368 396.01 395.558 395.292 395.408 395.557 395.604
397.13 398.094 398.254 398.191 398.113 398.032 397.98 397.948 397.863 397.86 397.86 397.932 398.226 398.546 398.14 397.671 397.447 397.23 396.982 396.673 396.491 396.402 396.37 396.353 396.345 396.24 396.068 395.818 395.707 395.908 396.051 395.938 395.847 395.885 395.888 395.721 395.556 395.301 395.209 395.304 395.232 395.04 394.985 395.037 395.187 395.365 395.46 395.445 395.402 395.292 395.195 395.319 395.508 395.626 395.669 395.692 395.527 395.286 395.258 395.416 395.824 396.29 395.979 395.48 395.226 395.341 395.532 395.638
398.164 398.323 398.338 398.249 398.159 398.071 398.001 397.938 397.886 397.887 397.883 398.05 398.663 398.163 397.821 397.647 397.443 397.185 396.915 396.58 396.395 396.302 396.271 396.242 396.152 395.931 395.722 395.46 395.357 395.596 395.792 395.76 395.803 395.857 395.826 395.587 395.353 394.986 394.935 395.007 395 394.922 394.876 394.897 395.006 395.152 395.243 395.203 395.079 394.911 394.812 394.936 395.076 395.174 395.284 395.345 395.197 395.039 394.989 395.056 395.282 395.694 396.211 395.572 395.19 395.326 395.596 395.713
398.293 398.34 398.351 398.263 398.18 398.105 398.034 397.97 397.933 397.938 397.934 397.996 398.601 398.104 397.783 397.642 397.404 397.136 396.877 396.573 396.43 396.352 396.32 396.258 396.08 395.803 395.571 395.284 395.147 395.3 395.544 395.633 395.679 395.697 395.565 395.245 394.906 394.744 394.812 394.891 394.884 394.808 394.764 394.765 394.858 394.965 395.017 394.905 394.741 394.59 394.521 394.593 394.725 394.874 394.99 395.037 394.992 394.94 394.885 394.898 394.987 395.102 395.764 396.175 395.657 395.617 395.724 395.799
398.399 398.391 398.369 398.288 398.211 398.14 398.064 397.998 397.938 397.899 397.886 397.94 398.566 398.146 397.796 397.658 397.414 397.144 396.909 396.642 396.502 396.421 396.375 396.227 395.99 395.711 395.483 395.239 395.167 395.122 395.271 395.415 395.482 395.488 395.3 394.877 394.577 394.574 394.702 394.777 394.749 394.683 394.652 394.652 394.755 394.856 394.865 394.716 394.591 394.505 394.437 394.412 394.508 394.653 394.757 394.764 394.841 394.856 394.821 394.817 394.858 394.938 395.113 395.293 395.523 395.618 395.836 395.889
398.539 398.464 398.404 398.323 398.247 398.173 398.097 398.004 397.904 397.813 397.783 397.881 398.513 398.23 397.84 397.698 397.442 397.163 396.947 396.711 396.571 396.484 396.357 396.139 395.904 395.628 395.427 395.286 395.384 395.294 395.154 395.275 395.304 395.284 395.072 394.703 394.469 394.469 394.601 394.667 394.656 394.573 394.616 394.617 394.737 394.831 394.795 394.498 394.385 394.446 394.39 394.339 394.34 394.447 394.502 394.473 394.531 394.669 394.725 394.734 394.764 394.834 394.891 394.939 395.051 395.307 395.649 395.86
398.615 398.527 398.461 398.375 398.293 398.206 398.084 397.879 397.866 398.03 398.091 398.272 398.585 398.241 397.871 397.742 397.485 397.193 396.991 396.778 396.633 396.475 396.272 396.053 395.817 395.565 395.421 395.329 395.313 395.33 395.337 395.398 395.231 395.198 395.058 394.776 394.488 394.425 394.464 394.512 394.537 394.42 394.529 394.619 394.728 394.81 394.797 394.487 394.347 394.407 394.349 394.282 394.264 394.276 394.246 394.181 394.171 394.314 394.502 394.586 394.666 394.734 394.794 394.852 394.98 395.25 395.568 395.776
398.649 398.574 398.513 398.42 398.441 398.457 398.347 398.294 398.416 398.343 398.21 398.177 398.005 397.799 397.853 397.76 397.503 397.198 397.023 396.837 396.642 396.416 396.189 395.975 395.784 395.586 395.461 395.301 395.28 395.281 395.341 395.313 395.301 395.35 395.187 394.879 394.59 394.436 394.432 394.355 394.381 394.428 394.603 394.628 394.708 394.789 394.803 394.627 394.494 394.405 394.32 394.241 394.214 394.198 394.089 393.948 393.866 393.96 394.173 394.358 394.558 394.634 394.693 394.761 394.918 395.192 395.507 395.68
398.633 398.58 398.521 398.553 398.785 398.913 398.669 398.46 397.635 397.252 397.134 397.245 397.421 397.589 397.772 397.733 397.474 397.167 397.015 396.829 396.584 396.343 396.114 395.971 395.9 395.749 395.615 395.318 395.17 395.118 395.298 395.286 395.243 395.265 395.169 394.945 394.702 394.454 394.477 394.701 394.916 394.85 394.735 394.603 394.676 394.762 394.792 394.67 394.541 394.423 394.34 394.235 394.188 394.149 394.028 393.881 393.838 393.851 394.035 394.259 394.462 394.532 394.586 394.68 394.877 395.138 395.373 395.443
398.745 398.661 398.62 398.789 398.709 398.239 398.044 397.761 397.431 397.14 397.013 397.129 397.327 397.527 397.72 397.69 397.436 397.132 396.965 396.761 396.508 396.268 396.044 395.932 395.894 395.779 395.642 395.308 395.129 394.995 395.149 395.165 395.148 395.172 395.059 394.989 394.809 394.537 394.513 394.745 394.916 394.822 394.68 394.547 394.63 394.737 394.798 394.7 394.588 394.473 394.387 394.278 394.176 394.115 393.989 393.873 393.866 393.928 394.011 394.171 394.364 394.432 394.486 394.608 394.823 395.019 395.115 395.167
398.905 398.908 398.903 398.756 398.29 398.142 397.979 397.693 397.392 397.108 396.954 397.065 397.27 397.476 397.666 397.652 397.401 397.092 396.894 396.669 396.432 396.198 395.991 395.906 395.908 395.886 395.778 395.28 395.08 394.917 394.787 394.78 394.848 394.914 394.953 395.01 394.898 394.683 394.556 394.687 394.792 394.699 394.586 394.49 394.598 394.737 394.819 394.732 394.624 394.514 394.432 394.317 394.205 394.1 393.997 393.903 393.905 393.966 394.038 394.134 394.274 394.341 394.402 394.529 394.728 394.874 394.893 394.903
398.461 398.429 398.393 398.301 398.182 398.077 397.922 397.641 397.35 397.067 396.907 397.026 397.231 397.436 397.624 397.611 397.337 397.058 396.804 396.549 396.344 396.143 395.964 395.889 395.868 395.837 395.741 395.269 395.022 394.876 394.727 394.725 394.797 394.872 394.91 394.937 394.881 394.774 394.606 394.646 394.649 394.555 394.482 394.473 394.606 394.756 394.843 394.768 394.66 394.545 394.459 394.337 394.2 394.087 394.015 393.968 393.933 393.944 393.991 394.068 394.185 394.255 394.328 394.452 394.638 394.759 394.74 394.697
398.275 398.272 398.255 398.194 398.113 398.016 397.861 397.58 397.29 397.018 396.9 397.032 397.234 397.421 397.564 397.503 397.093 396.878 396.69 396.396 396.246 396.094 395.93 395.825 395.772 395.696 395.679 395.472 394.988 394.821 394.739 394.722 394.752 394.74 394.747 394.797 394.781 394.709 394.63 394.594 394.545 394.5 394.49 394.544 394.65 394.785 394.867 394.798 394.684 394.558 394.452 394.306 394.162 394.058 394.011 393.988 393.94 393.938 393.935 393.997 394.096 394.175 394.253 394.372 394.529 394.611 394.568 394.518
398.102 398.112 398.106 398.076 398.023 397.944 397.799 397.519 397.228 396.98 396.921 397.076 397.24 397.336 397.341 397.223 396.828 396.556 396.431 396.291 396.16 396.013 395.86 395.708 395.57 395.455 395.427 395.288 394.936 394.867 394.94 394.855 394.778 394.723 394.585 394.632 394.675 394.62 394.583 394.593 394.587 394.565 394.587 394.666 394.755 394.843 394.894 394.813 394.672 394.525 394.414 394.261 394.117 394.025 393.985 393.957 393.934 393.937 393.95 393.971 394.015 394.094 394.168 394.243 394.312 394.377 394.382 394.342
397.946 397.952 397.95 397.926 397.894 397.851 397.729 397.452 397.166 396.942 396.929 397.043 397.071 397.068 397.052 396.946 396.638 396.434 396.361 396.211 396.08 395.932 395.778 395.489 395.332 395.212 395.111 395.023 395.142 395.115 395.042 395.05 395.027 394.985 394.74 394.47 394.648 394.625 394.606 394.643 394.647 394.659 394.709 394.788 394.858 394.909 394.907 394.797 394.65 394.497 394.385 394.214 394.022 393.962 393.961 393.936 393.927 393.934 393.943 393.922 393.913 393.969 394.041 394.092 394.121 394.154 394.169 394.168
397.833 397.833 397.814 397.688 397.663 397.64 397.538 397.321 397.092 396.895 396.866 396.849 396.789 396.764 396.78 396.689 396.595 396.538 396.381 396.148 396.003 395.853 395.536 395.184 395.372 395.244 395.142 395.084 395.262 395.185 395.086 395.095 395.061 395.008 394.881 394.376 394.5 394.667 394.739 394.736 394.715 394.756 394.801 394.677 394.454 394.343 394.673 394.567 394.395 394.246 394.131 393.959 393.744 393.77 393.857 393.887 393.903 393.908 393.898 393.833 393.781 393.83 393.909 393.959 393.98 393.998 394.005 394.01
397.81 397.803 397.65 397.348 397.303 397.288 397.197 397.034 397.019 396.885 396.833 396.782 396.61 396.478 396.565 396.562 396.533 396.5 396.347 396.104 395.934 395.797 395.351 395.479 395.513 395.356 395.201 395.083 395.208 395.136 395.044 395.11 395.096 395.052 394.997 394.849 394.796 394.543 394.929 394.956 394.825 394.62 394.492 394.311 394.63 394.293 394.034 394.318 394.329 394.245 394.166 394.084 394.117 393.882 393.77 393.769 393.88 393.879 393.8 393.707 393.647 393.69 393.773 393.829 393.846 393.853 393.858 393.865
397.796 397.784 397.612 397.244 397.219 397.191 397.086 396.961 397.027 396.93 396.88 396.824 396.748 396.591 396.387 396.498 396.516 396.481 396.326 395.85 395.599 395.441 395.273 395.652 395.703 395.559 395.387 395.085 394.993 394.902 394.823 395.029 395.038 394.989 394.985 394.984 394.928 394.462 394.776 394.695 394.488 394.423 394.666 394.721 394.827 394.764 394.715 394.74 394.609 394.427 394.297 394.283 394.323 393.932 393.786 393.686 393.853 393.797 393.68 393.585 393.512 393.542 393.637 393.701 393.714 393.71 393.714 393.717
398.02 397.775 397.641 397.296 397.199 397.134 397.017 396.954 397.072 396.981 396.925 396.851 396.766 396.67 396.507 396.31 396.284 395.835 395.717 395.41 395.699 395.667 395.586 395.652 395.709 395.588 395.424 395.117 395.004 394.91 394.811 394.782 394.744 394.701 394.838 394.911 394.853 394.349 394.341 394.684 394.773 394.844 394.91 394.88 394.819 394.85 394.845 394.748 394.568 394.37 394.247 394.225 394.235 393.873 393.686 393.57 393.796 393.698 393.569 393.469 393.381 393.41 393.528 393.621 393.637 393.592 393.577 393.578
398.168 397.745 397.678 397.463 397.203 397.134 397.074 397.093 397.128 397.018 396.94 396.851 396.758 396.668 396.574 396.45 396.271 396.33 396.21 396.024 395.909 395.763 395.631 395.639 395.678 395.571 395.441 395.134 395.024 394.933 394.847 394.792 394.734 394.675 394.642 394.608 394.636 394.598 394.617 394.73 394.783 394.837 394.877 394.854 394.783 394.82 394.829 394.741 394.569 394.383 394.268 394.283 394.257 393.859 393.645 393.565 393.764 393.657 393.521 393.414 393.307 393.324 393.441 393.561 393.604 393.554 393.493 393.466
398.272 397.643 397.568 397.429 397.226 397.159 397.168 397.279 397.172 397.056 396.975 396.868 396.763 396.668 396.576 396.519 396.482 396.454 396.314 396.085 395.911 395.762 395.631 395.635 395.668 395.565 395.439 395.139 395.034 394.948 394.875 394.82 394.763 394.704 394.659 394.601 394.549 394.507 394.496 394.531 394.587 394.648 394.688 394.718 394.754 394.798 394.815 394.767 394.658 394.49 394.383 394.411 394.382 393.953 393.658 393.569 393.771 393.669 393.529 393.412 393.293 393.305 393.398 393.498 393.561 393.535 393.444 393.343
398.214 397.852 397.646 397.575 397.423 397.287 397.207 397.232 397.167 397.096 397.014 396.906 396.799 396.691 396.576 396.516 396.49 396.45 396.307 396.084 395.911 395.765 395.627 395.569 395.583 395.482 395.353 395.109 395.017 394.937 394.88 394.842 394.79 394.735 394.691 394.637 394.582 394.538 394.506 394.511 394.555 394.613 394.651 394.691 394.731 394.771 394.792 394.757 394.674 394.571 394.484 394.5 394.463 394.055 393.8 393.459 393.613 393.614 393.528 393.398 393.284 393.303 393.386 393.468 393.528 393.5 393.398 393.039
397.76 398.177 397.791 397.656 397.568 397.515 397.249 397.134 397.109 397.137 397.057 396.949 396.84 396.726 396.575 396.501 396.478 396.441 396.294 396.072 395.905 395.758 395.615 395.471 395.354 395.249 395.175 395.084 395.002 394.935 394.881 394.847 394.812 394.766 394.727 394.674 394.63 394.598 394.567 394.542 394.554 394.596 394.632 394.67 394.709 394.748 394.77 394.737 394.661 394.578 394.513 394.433 394.352 394.133 393.988 393.795 393.582 393.474 393.527 393.394 393.284 393.296 393.358 393.417 393.46 393.428 393.334 392.985
397.359 398.379 398.014 397.842 397.721 397.612 397.5 397.389 397.289 397.186 397.106 396.998 396.888 396.742 396.543 396.469 396.459 396.431 396.283 396.058 395.89 395.74 395.6 395.457 395.321 395.213 395.152 395.068 394.994 394.932 394.88 394.845 394.809 394.778 394.758 394.744 394.735 394.703 394.666 394.634 394.599 394.59 394.609 394.643 394.682 394.721 394.745 394.716 394.639 394.557 394.491 394.408 394.321 394.193 394.061 393.919 393.711 393.426 393.523 393.437 393.279 393.271 393.3 393.348 393.383 393.345 393.257 393.124
397.288 398.265 398.315 398.043 397.824 397.627 397.526 397.431 397.336 397.233 397.152 397.044 396.915 396.711 396.502 396.431 396.424 396.406 396.261 396.031 395.861 395.735 395.652 395.511 395.373 395.263 395.201 395.133 395.073 395.007 394.957 394.89 394.809 394.793 394.81 394.941 394.987 394.948 394.913 394.87 394.719 394.59 394.583 394.62 394.659 394.699 394.721 394.685 394.6 394.51 394.44 394.352 394.261 394.139 393.997 393.857 393.852 393.531 393.37 393.384 393.23 393.211 393.22 393.295 393.312 393.265 393.181 393.112
397.629 397.752 398.446 398.058 397.792 397.583 397.501 397.438 397.361 397.267 397.192 397.075 396.895 396.672 396.462 396.399 396.395 396.383 396.243 396.011 395.837 395.833 395.84 395.703 395.569 395.462 395.414 395.357 395.331 395.27 395.222 395.133 394.86 394.852 394.903 395.162 395.255 395.241 395.202 395.098 394.77 394.568 394.554 394.591 394.602 394.616 394.656 394.607 394.522 394.435 394.369 394.28 394.184 394.066 393.924 393.862 393.876 393.813 393.633 393.526 393.462 393.371 393.119 393.316 393.266 393.202 393.119 393.058
