Topo_PY.asc
ncols         591
nrows         825
xllcorner     99.8092900000
yllcorner     19.1140303425
cellsize      0.00018075110000001
nodata_value  -9999.0
[rows 150 to 179 of 825, columns 136 to 203 of 591]
392.855 392.847 392.84 392.83 392.826 392.818 392.809 392.792 392.773 392.754 392.747 392.747 392.75 392.738 392.691 392.646 392.625 392.615 392.603 392.506 392.319 392.186 392.122 392.082 392.052 392.068 392.114 392.212 392.319 392.417 392.492 392.514 392.507 392.506 392.513 392.515 392.513 392.479 392.383 392.202 391.954 391.953 391.809 391.609 391.546 391.544 391.545 391.552 391.573 391.589 391.584 391.568 391.561 391.572 391.603 391.641 391.691 391.73 391.693 391.561 391.374 391.261 391.23 391.213 391.193 391.157 391.134 391.135
392.875 392.873 392.867 392.857 392.848 392.844 392.838 392.823 392.803 392.784 392.777 392.777 392.78 392.768 392.721 392.693 392.678 392.649 392.627 392.57 392.419 392.288 392.2 392.129 392.072 392.081 392.15 392.284 392.399 392.467 392.502 392.52 392.534 392.55 392.56 392.564 392.56 392.524 392.439 392.303 392.108 392.007 391.843 391.639 391.577 391.577 391.585 391.602 391.627 391.638 391.624 391.595 391.594 391.629 391.675 391.697 391.703 391.712 391.638 391.471 391.275 391.188 391.163 391.154 391.154 391.138 391.123 391.105
392.9 392.897 392.89 392.88 392.87 392.868 392.865 392.851 392.833 392.814 392.807 392.807 392.81 392.799 392.774 392.768 392.731 392.728 392.692 392.642 392.549 392.437 392.325 392.206 392.109 392.118 392.207 392.365 392.463 392.482 392.48 392.489 392.512 392.535 392.549 392.567 392.573 392.555 392.488 392.382 392.249 392.048 391.876 391.68 391.629 391.641 391.659 391.679 391.712 391.713 391.675 391.615 391.626 391.707 391.772 391.767 391.737 391.706 391.589 391.426 391.249 391.182 391.172 391.177 391.177 391.157 391.135 391.114
392.938 392.93 392.921 392.91 392.9 392.897 392.893 392.885 392.871 392.855 392.851 392.853 392.859 392.863 392.846 392.781 392.767 392.762 392.737 392.68 392.628 392.546 392.413 392.259 392.136 392.139 392.24 392.412 392.494 392.49 392.477 392.482 392.499 392.515 392.531 392.555 392.574 392.579 392.524 392.429 392.297 392.09 391.926 391.752 391.71 391.723 391.733 391.766 391.808 391.804 391.751 391.665 391.667 391.784 391.877 391.861 391.785 391.694 391.551 391.42 391.271 391.217 391.209 391.209 391.207 391.19 391.165 391.143
392.976 392.965 392.952 392.94 392.932 392.926 392.931 392.941 392.952 392.945 392.945 392.951 392.964 392.955 392.885 392.855 392.851 392.784 392.801 392.709 392.674 392.608 392.454 392.29 392.159 392.168 392.28 392.46 392.54 392.536 392.524 392.526 392.528 392.534 392.544 392.564 392.59 392.6 392.55 392.468 392.347 392.154 392.003 391.848 391.813 391.807 391.803 391.84 391.891 391.901 391.863 391.777 391.757 391.86 391.953 391.904 391.778 391.652 391.514 391.413 391.321 391.259 391.242 391.238 391.235 391.221 391.2 391.182
393.007 392.993 392.981 392.97 392.962 392.94 392.957 393.024 393.062 393.073 393.072 393.076 393.086 393.073 393.014 392.977 392.953 392.919 392.87 392.762 392.729 392.667 392.527 392.383 392.271 392.286 392.395 392.544 392.596 392.591 392.589 392.591 392.584 392.586 392.589 392.601 392.619 392.624 392.585 392.519 392.416 392.245 392.105 391.949 391.894 391.868 391.85 391.887 391.948 391.99 391.987 391.942 391.916 391.965 391.999 391.911 391.753 391.612 391.517 391.472 391.431 391.344 391.28 391.257 391.25 391.247 391.239 391.252
393.032 393.017 393.01 392.997 392.972 392.951 392.975 393.05 393.14 393.185 393.201 393.206 393 393.174 393.134 393.068 393.02 392.975 392.93 392.84 392.808 392.766 392.674 392.578 392.49 392.506 392.576 392.645 392.654 392.653 392.681 392.695 392.679 392.655 392.642 392.647 392.658 392.663 392.648 392.606 392.516 392.349 392.195 392.006 391.934 391.904 391.906 391.948 392.002 392.047 392.062 392.056 392.053 392.066 392.047 391.923 391.738 391.603 391.59 391.611 391.598 391.481 391.364 391.297 391.271 391.287 391.352 391.431
393.054 392.955 392.747 392.761 392.903 392.968 392.979 392.884 392.895 392.898 392.898 392.887 392.763 393.255 393.224 393.154 393.085 393.02 392.976 392.921 392.911 392.89 392.835 392.767 392.699 392.689 392.708 392.718 392.718 392.75 392.819 392.842 392.795 392.727 392.694 392.691 392.705 392.715 392.719 392.699 392.624 392.433 392.243 392.024 391.954 391.965 392.008 392.052 392.091 392.101 392.085 392.06 392.07 392.087 392.059 391.91 391.715 391.599 391.646 391.708 391.729 391.618 391.48 391.373 391.34 391.429 391.56 391.613
393.077 392.939 392.674 392.578 392.827 392.859 392.76 392.599 392.809 393.155 393.189 393.201 393.23 393.286 393.254 393.196 393.128 393.057 393.011 392.982 392.995 392.989 392.945 392.885 392.827 392.796 392.786 392.775 392.786 392.85 392.936 392.946 392.863 392.773 392.735 392.735 392.746 392.762 392.768 392.762 392.695 392.465 392.257 392.04 392.019 392.081 392.148 392.192 392.206 392.164 392.101 392.032 392.039 392.059 392.034 391.881 391.679 391.577 391.659 391.751 391.81 391.711 391.586 391.485 391.478 391.619 391.74 391.697
393.165 393.105 393.068 393.037 393.036 393.034 393.048 393.105 393.183 393.278 393.306 393.306 393.303 393.291 393.261 393.223 393.169 393.101 393.053 393.024 393.059 393.07 393.028 392.965 392.908 392.873 392.855 392.834 392.844 392.912 392.992 392.98 392.887 392.803 392.768 392.766 392.776 392.787 392.791 392.791 392.711 392.463 392.266 392.096 392.122 392.207 392.272 392.3 392.258 392.196 392.125 392.034 392.033 392.053 392.017 391.865 391.664 391.578 391.687 391.796 391.862 391.779 391.679 391.599 391.613 391.766 391.872 391.775
393.303 393.255 393.196 393.154 393.158 393.18 393.201 393.23 393.272 393.318 393.32 393.318 393.317 393.305 393.278 393.246 393.213 393.159 393.106 393.055 393.103 393.128 393.087 393.028 392.971 392.928 392.904 392.877 392.89 392.946 393.005 392.981 392.902 392.835 392.806 392.795 392.793 392.796 392.803 392.799 392.711 392.473 392.302 392.168 392.204 392.283 392.344 392.34 392.194 392.147 392.106 392.041 392.037 392.06 392.011 391.867 391.681 391.608 391.724 391.823 391.887 391.82 391.74 391.676 391.696 391.825 391.896 391.782
393.454 393.543 393.443 393.371 393.369 393.388 393.407 393.433 393.444 393.387 393.355 393.347 393.346 393.338 393.311 393.287 393.268 393.224 393.172 393.071 393.14 393.173 393.127 393.064 393.004 392.956 392.932 392.911 392.929 392.971 393.006 392.984 392.926 392.875 392.846 392.826 392.817 392.815 392.812 392.801 392.716 392.509 392.359 392.236 392.269 392.34 392.386 392.328 392.164 392.1 392.076 392.042 392.032 392.06 392.018 391.874 391.703 391.646 391.763 391.846 391.903 391.844 391.773 391.716 391.735 391.759 391.786 391.684
393.658 393.68 393.653 393.561 393.553 393.567 393.584 393.617 393.536 393.431 393.388 393.377 393.377 393.368 393.349 393.34 393.332 393.352 393.297 393.089 393.158 393.214 393.158 393.08 393.01 392.968 392.952 392.946 392.958 392.978 392.996 392.975 392.934 392.898 392.879 392.869 392.855 392.842 392.826 392.809 392.723 392.535 392.398 392.299 392.342 392.406 392.409 392.283 392.134 392.066 392.051 392.031 392.037 392.074 392.031 391.883 391.733 391.692 391.796 391.874 391.923 391.87 391.805 391.76 391.737 391.638 391.633 391.581
393.619 393.61 393.802 393.634 393.722 393.635 393.702 393.678 393.569 393.459 393.417 393.402 393.401 393.393 393.383 393.383 393.413 393.384 393.246 393.095 393.197 393.274 393.201 393.112 393.037 393.003 392.996 392.992 392.983 392.977 392.973 392.952 392.929 392.909 392.903 392.907 392.899 392.872 392.852 392.82 392.726 392.549 392.436 392.37 392.432 392.499 392.458 392.279 392.112 392.044 392.033 392.031 392.061 392.104 392.057 391.912 391.78 391.745 391.833 391.901 391.944 391.907 391.861 391.837 391.808 391.666 391.66 391.666
393.62 393.627 393.786 393.683 393.791 393.649 393.68 393.644 393.575 393.484 393.439 393.323 393.304 393.389 393.391 393.389 393.39 393.371 393.316 393.146 393.262 393.346 393.279 393.199 393.128 393.099 393.082 393.045 393.009 392.989 392.964 392.944 392.93 392.917 392.918 392.933 392.926 392.881 392.882 392.838 392.742 392.589 392.49 392.439 392.515 392.593 392.541 392.339 392.121 392.023 392.021 392.068 392.127 392.164 392.107 391.967 391.842 391.811 391.896 391.966 392.026 392.007 391.983 391.969 391.934 391.74 391.676 391.652
393.652 393.581 393.58 393.718 393.673 393.646 393.597 393.616 393.588 393.509 393.355 393.108 393.125 393.359 393.363 393.355 393.352 393.334 393.269 393.173 393.292 393.37 393.359 393.314 393.261 393.216 393.152 393.051 393.003 392.985 392.961 392.945 392.936 392.931 392.938 392.952 392.928 392.894 392.906 392.855 392.763 392.63 392.535 392.491 392.564 392.637 392.57 392.357 392.135 392.037 392.062 392.151 392.216 392.227 392.159 392.023 391.91 391.903 392.013 392.1 392.175 392.159 392.13 392.112 392.046 391.81 391.692 391.626
393.807 393.638 393.641 393.921 393.744 393.791 393.66 393.67 393.625 393.535 393.283 393.171 393.348 393.353 393.336 393.324 393.333 393.318 393.257 393.158 393.238 393.313 393.351 393.36 393.345 393.253 393.144 393.009 392.961 392.963 392.958 392.953 392.946 392.942 392.955 392.954 392.924 392.946 392.914 392.863 392.769 392.642 392.553 392.51 392.565 392.62 392.543 392.351 392.167 392.092 392.124 392.215 392.274 392.278 392.224 392.098 392.007 392.037 392.167 392.255 392.327 392.302 392.264 392.224 392.145 391.955 391.847 391.77
394.033 393.814 393.749 393.863 393.741 393.868 393.872 393.777 393.67 393.376 393.195 393.396 393.359 393.335 393.313 393.293 393.28 393.261 393.225 393.121 393.145 393.198 393.266 393.333 393.345 393.217 393.099 392.96 392.919 392.948 392.972 392.978 392.949 392.944 392.975 392.953 392.935 392.962 392.928 392.876 392.779 392.646 392.556 392.514 392.561 392.608 392.546 392.399 392.252 392.186 392.206 392.272 392.324 392.348 392.312 392.199 392.128 392.171 392.296 392.369 392.418 392.393 392.355 392.3 392.214 392.13 392.033 391.927
394.178 394.082 393.891 393.815 393.792 393.991 394.022 393.922 393.741 393.238 393.449 393.438 393.38 393.345 393.312 393.28 393.258 393.252 393.224 393.122 393.121 393.167 393.241 393.31 393.325 393.194 393.081 392.957 392.933 392.977 393.014 393.016 392.958 392.977 392.996 392.969 393.001 392.988 392.963 392.908 392.801 392.66 392.57 392.534 392.585 392.639 392.607 392.496 392.373 392.311 392.305 392.332 392.374 392.416 392.392 392.293 392.237 392.27 392.353 392.402 392.439 392.437 392.414 392.364 392.27 392.167 392.048 391.931
394.209 394.189 394.161 394.031 393.97 394.142 394.144 393.99 393.46 393.365 393.537 393.457 393.411 393.376 393.339 393.295 393.266 393.271 393.251 393.158 393.178 393.229 393.278 393.322 393.313 393.207 393.117 393.016 392.996 393.032 393.058 393.036 393.022 393.051 393.019 392.996 393.028 393.018 393.002 392.956 392.845 392.7 392.608 392.584 392.641 392.691 392.654 392.557 392.456 392.381 392.351 392.344 392.379 392.444 392.442 392.357 392.302 392.295 392.331 392.374 392.415 392.412 392.396 392.353 392.263 392.151 392.019 391.901
394.212 394.199 394.191 394.183 394.184 394.197 394.146 393.663 393.506 393.625 393.546 393.487 393.448 393.408 393.363 393.308 393.277 393.289 393.289 393.217 393.257 393.308 393.332 393.333 393.299 393.224 393.156 393.08 393.067 393.084 393.095 393.052 393.067 393.067 393.041 393.06 393.048 393.038 393.027 392.99 392.896 392.763 392.679 392.655 392.686 392.696 392.644 392.562 392.465 392.37 392.316 392.285 392.334 392.433 392.459 392.403 392.351 392.3 392.282 392.301 392.332 392.321 392.301 392.265 392.19 392.097 391.976 391.871
394.217 394.201 394.199 394.192 394.191 394.203 394.143 393.376 393.695 393.68 393.59 393.535 393.49 393.442 393.384 393.325 393.293 393.342 393.398 393.294 393.329 393.362 393.351 393.319 393.274 393.211 393.166 393.115 393.1 393.106 393.109 393.109 393.117 393.071 393.057 393.073 393.057 393.049 393.043 393.016 392.94 392.815 392.738 392.688 392.671 392.644 392.598 392.54 392.461 392.363 392.288 392.244 392.311 392.435 392.49 392.469 392.422 392.344 392.272 392.247 392.234 392.221 392.202 392.16 392.085 392.002 391.915 391.838
394.226 394.212 394.207 394.198 394.196 394.22 394.189 393.544 393.631 393.772 393.686 393.634 393.572 393.505 393.441 393.384 393.35 393.423 393.509 393.365 393.38 393.399 393.369 393.315 393.251 393.199 393.164 393.124 393.112 393.115 393.126 393.129 393.125 393.109 393.099 393.076 393.058 393.05 393.051 393.035 392.964 392.846 392.769 392.698 392.651 392.62 392.582 392.539 392.485 392.38 392.292 392.236 392.299 392.449 392.542 392.541 392.501 392.418 392.311 392.234 392.155 392.14 392.12 392.063 391.971 391.876 391.806 391.761
394.259 394.247 394.236 394.223 394.214 394.242 394.262 393.994 393.588 393.825 393.784 393.761 393.686 393.612 393.552 393.527 393.479 393.411 393.388 393.397 393.425 393.439 393.406 393.316 393.231 393.186 393.16 393.133 393.132 393.166 393.191 393.183 393.157 393.128 393.106 393.081 393.06 393.055 393.062 393.053 392.991 392.881 392.806 392.737 392.708 392.696 392.657 392.604 392.547 392.426 392.327 392.246 392.306 392.487 392.596 392.602 392.573 392.498 392.355 392.222 392.096 392.079 392.061 391.99 391.874 391.764 391.692 391.662
394.299 394.291 394.281 394.261 394.245 394.184 393.92 393.736 393.538 393.855 393.865 393.849 393.776 393.714 393.697 393.7 393.641 393.519 393.44 393.431 393.462 393.489 393.443 393.311 393.214 393.179 393.171 393.167 393.215 393.294 393.331 393.305 393.236 393.157 393.114 393.086 392.953 392.927 393.057 393.094 393.039 392.924 392.843 392.809 392.826 392.837 392.789 392.715 392.638 392.493 392.371 392.262 392.326 392.521 392.637 392.659 392.649 392.561 392.349 392.173 392.037 392.02 392.004 391.937 391.822 391.717 391.649 391.63
393.69 393.673 393.683 393.654 393.581 393.576 393.517 393.414 393.656 393.89 393.89 393.857 393.804 393.791 393.815 393.834 393.783 393.649 393.557 393.482 393.53 393.596 393.538 393.378 393.25 393.224 393.228 393.255 393.342 393.446 393.494 393.436 393.302 393.178 393.124 393.1 392.586 392.308 392.987 393.142 393.086 392.96 392.882 392.879 392.919 392.956 392.914 392.83 392.724 392.539 392.394 392.271 392.34 392.537 392.655 392.691 392.693 392.581 392.318 392.133 391.992 391.975 391.966 391.913 391.819 391.726 391.673 391.655
394.219 394.295 394.287 394.275 394.263 394.256 394.162 394.051 393.974 393.939 393.904 393.858 393.824 393.82 393.845 393.882 393.838 393.682 393.594 393.548 393.657 393.763 393.7 393.511 393.352 393.331 393.336 393.36 393.451 393.563 393.599 393.49 393.322 393.191 393.14 393.122 392.558 392.135 392.959 393.157 393.09 392.97 392.893 392.898 392.973 393.049 393.013 392.921 392.797 392.587 392.423 392.281 392.341 392.531 392.647 392.69 392.705 392.582 392.31 392.124 391.988 391.964 391.947 391.897 391.819 391.738 391.701 391.684
394.37 394.366 394.355 394.348 394.332 394.278 394.176 394.072 394.028 394.023 394.016 393.963 393.895 393.858 393.873 393.922 393.878 393.712 393.643 393.673 393.814 393.91 393.833 393.625 393.466 393.459 393.466 393.488 393.557 393.638 393.639 393.515 393.343 393.214 393.172 393.153 392.602 392.257 392.661 393.088 393.049 392.95 392.899 392.939 393.043 393.126 393.089 392.995 392.87 392.657 392.478 392.309 392.352 392.531 392.634 392.684 392.698 392.575 392.316 392.147 392.017 391.971 391.937 391.885 391.812 391.752 391.72 391.704
394.388 394.371 394.361 394.355 394.351 394.296 394.202 394.102 394.09 394.149 394.167 394.119 393.981 393.927 393.897 393.961 393.928 393.801 393.752 393.876 393.999 394.01 393.915 393.727 393.601 393.664 393.691 393.704 393.71 393.723 393.686 393.548 393.359 393.245 393.214 393.178 392.635 392.194 392.433 393.035 393.021 392.943 392.919 392.985 393.093 393.173 393.129 393.034 392.915 392.715 392.539 392.364 392.394 392.522 392.591 392.661 392.69 392.569 392.327 392.211 392.061 391.975 391.919 391.867 391.809 391.755 391.73 391.716
394.407 394.387 394.374 394.375 394.378 394.329 394.232 394.133 394.138 394.221 394.283 394.176 394.049 393.988 393.952 394.025 394.034 394.025 394.018 394.082 394.171 394.07 393.98 393.89 393.83 393.97 394.036 394.004 393.931 393.865 393.738 393.534 393.349 393.292 393.259 393.209 393.07 393.006 393.026 393.106 393.07 392.985 392.959 393.019 393.119 393.191 393.142 393.047 392.929 392.742 392.582 392.431 392.428 392.468 392.511 392.613 392.672 392.564 392.424 392.498 392.172 392.093 392.016 391.883 391.803 391.758 391.743 391.737
