Topo_PY.asc
ncols         591
nrows         825
xllcorner     99.8092900000
yllcorner     19.1140303425
cellsize      0.00018075110000001
nodata_value  -9999.0
[rows 510 to 539 of 825, columns 0 to 67 of 591]
504.527 494.832 483.902 473.306 461.163 463.283 476.5 490.599 499.114 507.953 513.796 516.328 515.844 513.148 508.011 503.332 499.757 498.327 505.12 510.513 514.024 511.16 505.604 496.131 487.871 476.366 467.375 467.555 469.272 470.11 470.297 466.499 462.701 455.522 457.361 462.879 467.333 470.401 472.242 472.826 469.378 465.331 460.267 454.689 448.765 443.598 439.339 435.943 432.857 430.221 425.722 421.703 417.578 413.769 410.472 406.918 404.236 403.024 402.159 401.624 401.343 401.27 401.271 401.271 401.276 401.306 401.372 401.463
503.875 492.089 480.22 469.306 459.009 465.383 480.473 493.876 501.774 511.111 519.178 524.793 525.657 523.376 519.271 514.144 510.068 504.862 506.957 511.928 516.581 513.353 507.855 498.211 489.973 479.78 477.517 478.9 479.178 479.191 476.563 470.822 466.609 460.207 461.728 466.425 470.512 472.983 474.4 475.389 471.944 467.462 462.02 455.755 449.556 444.185 439.871 436.267 433.021 429.966 424.839 420.446 416.531 413.607 410.358 407.046 404.447 403.366 402.409 401.712 401.309 401.221 401.218 401.219 401.234 401.283 401.387 401.471
504.085 491.422 478.597 466.199 457.999 467.809 483.373 496.221 503.824 514.084 523.313 529.574 531.978 530.505 527.048 522.672 518.939 513.377 511.678 514.894 519.375 516.335 510.409 501.53 493.382 488.11 489.391 488.977 488.075 485.697 479.403 473.074 468.822 464.359 466.594 470.19 472.986 474.971 476.414 476.852 473.636 469.579 463.137 456.451 449.887 444.415 439.887 436.051 432.388 429.316 424.67 419.885 416.303 413.398 410.212 407.017 404.569 403.514 402.406 401.651 401.271 401.181 401.175 401.176 401.21 401.283 401.396 401.418
503.628 492.115 478.005 464.524 458.851 470.871 485.236 497.763 505.559 515.962 525.182 530.799 534.149 534.766 532.342 528.898 526.039 521.583 519.029 519.232 522.373 519.687 513.579 506.112 501.328 499.705 499.023 496.962 494.308 488.551 481.807 475.767 471.928 469.823 472.163 474.414 475.694 477.144 478.554 477.879 474.226 470.526 463.656 456.47 449.578 443.857 439.189 435.258 431.606 428.582 424.199 419.881 416.115 412.991 410.03 406.918 404.396 403.326 402.137 401.485 401.229 401.144 401.125 401.123 401.178 401.246 401.326 401.291
503.047 492.346 478.605 464.139 460.678 472.788 486.591 498.539 506.011 515.884 524.63 530.507 534.594 536.775 536.766 533.862 531.429 527.896 525.223 524.035 525.504 523.168 517.217 511.805 509.79 507.921 506.129 502.939 497.565 491.166 484.766 479.291 476.919 476.643 477.399 478.374 479.183 480.171 480.802 478.795 474.449 470.715 463.778 456.319 449.082 443.12 438.374 434.416 430.727 427.798 423.657 419.393 415.565 412.567 409.721 406.725 404.207 403.158 401.967 401.35 401.147 401.089 401.075 401.048 401.047 401.083 401.111 401.031
501.101 491.208 477.746 463.459 463.476 474.142 485.504 496.854 504.452 513.712 522.112 529.135 534.599 537.115 539.051 538.087 535.655 532.485 530.109 528.379 527.966 526.224 521.542 517.058 514.872 512.848 510.041 505.687 500.604 494.035 488.358 484.623 482.84 482.038 481.57 481.843 482.425 482.974 482.272 479.445 474.813 470.965 463.886 455.947 448.545 442.367 437.551 433.509 429.784 426.883 422.839 418.812 415.062 412.199 409.397 406.654 404.296 403.238 402.065 401.334 401.107 401.052 401.023 400.963 400.89 400.898 400.865 400.762
496.888 488.493 475.389 462.788 465.433 473.084 482.977 493.362 501.151 510.707 518.586 526.487 532.813 536.526 538.333 539.986 539.354 537.209 534.871 531.998 530.317 528.745 525.624 521.819 519.735 516.732 512.337 508.233 503.756 497.935 493.464 490.043 487.904 486.08 484.82 484.773 484.625 483.496 482.495 479.804 475.172 471.048 463.83 455.854 448.623 442.294 436.799 432.606 428.885 426.016 422.066 418.123 414.749 411.959 409.356 407.039 404.886 403.669 402.398 401.365 401.106 401.051 400.986 400.877 400.772 400.725 400.652 400.543
490.855 483.313 472.986 463.142 465.814 471.751 479.956 489.146 496.515 505.173 513.558 522.335 529.94 535.169 537.465 539.473 541.145 540.821 538.236 534.454 532.273 530.984 528.632 525.76 523.317 519.7 515.106 510.671 506.347 502.112 497.641 493.38 491.092 489.062 487.341 485.386 483.359 481.895 481.919 479.675 474.694 470.508 463.695 456.044 449.153 442.618 436.361 431.755 428.032 425.235 421.436 417.635 414.583 411.873 409.325 407.324 405.573 404.248 402.872 401.639 401.219 401.076 400.943 400.815 400.705 400.654 400.579 400.485
483.631 477.327 468.75 464.142 467.895 473.15 479.658 486.61 491.569 499.328 509.193 519.525 527.786 533.58 537.025 539.301 540.598 541.346 539.657 536.714 534.642 533.091 530.821 527.903 525.346 521.691 517.718 513.131 508.189 503.801 499.854 495.474 491.974 488.547 485.485 482.665 481.067 479.877 480.192 478.897 474.057 469.926 463.424 456.366 449.366 441.885 435.449 430.913 427.174 424.418 420.696 417.225 414.424 411.803 409.284 407.168 405.68 404.571 403.282 402.011 401.327 401.073 400.893 400.762 400.646 400.604 400.579 400.51
476.48 471.967 465.604 465.16 471.607 478.982 486.517 493.753 498.491 504.688 511.998 519.636 526.784 531.862 535.997 539.074 539.952 540.64 540.768 538.958 536.846 534.812 532.64 529.707 527.257 523.792 519.749 515.184 510.628 505.671 500.459 494.143 489.61 485.718 482.718 480.011 478.191 476.872 477.57 477.831 474.038 469.913 463.665 456.547 448.788 440.943 434.573 430.114 426.369 423.634 420.087 416.804 413.991 411.399 409.031 406.92 405.594 404.79 403.593 402.442 401.661 401.282 401.002 400.792 400.666 400.608 400.593 400.558
467.285 466.107 465.872 466.22 472.779 481.604 490.595 497.859 503.076 509.652 515.392 520.907 525.875 529.767 533.418 536.65 538.827 540.038 540.452 540.191 538.303 536.398 534.269 531.663 529.324 525.646 521.207 516.935 512.207 505.815 499.057 491.336 486.662 482.442 479.298 476.404 474.255 472.849 474.141 476.133 474.074 470.396 464.356 456.874 448.558 440.248 434.02 429.752 426.006 423.306 419.693 416.306 413.138 410.525 408.352 406.561 405.581 404.977 403.909 403.026 402.402 401.899 401.357 401.048 400.887 400.796 400.739 400.695
470.599 473.872 471.623 467.839 472.466 480.947 489.683 496.701 501.308 506.644 511.362 515.877 520.376 524.553 528.853 533.023 536.533 539.145 539.826 539.979 539.618 537.883 535.818 533.385 530.873 526.206 521.92 517.385 511.975 504.835 496.586 488.129 483.163 478.088 474.599 471.556 469.667 469.094 471.68 474.237 473.274 470.559 464.936 457.148 448.43 440.121 434.37 430.3 426.445 423.51 419.517 415.919 412.505 409.646 407.624 406.108 405.422 405.197 404.45 403.682 403.044 402.415 401.801 401.402 401.196 401.092 401.013 400.948
482.651 484.662 482.322 472.138 471.659 477.675 484.163 490.611 494.721 499.42 503.276 508.417 513.133 517.127 522.926 528.242 532.005 536.687 538.942 539.655 539.872 539.005 537.122 534.211 530.799 526.818 522.446 517.145 510.377 502.95 494.348 485.345 478.876 472.593 468.501 465.52 464.783 465.764 469.846 472.186 471.496 469.535 464.14 456.41 447.838 440.857 435.417 431.059 427.091 423.99 419.784 415.773 412.261 409.283 407.409 405.999 405.5 405.513 404.917 404.162 403.461 402.844 402.275 401.817 401.535 401.419 401.316 401.22
493.806 495.104 490.985 478.106 470.471 473.301 475.798 480.525 484.242 488.43 492.565 497.63 502.129 506.863 513.404 520.726 525.999 532.858 538.505 539.593 539.655 539.506 538.043 534.431 531.767 527.634 522.367 515.438 508.388 500.995 492.347 482.51 474.871 467.401 462.505 459.177 459.02 462.541 467.854 469.832 469.404 467.392 461.722 454.315 447.098 441.333 436.232 431.768 427.549 424.318 419.988 415.869 412.365 409.545 407.792 406.581 406.186 406.049 405.478 404.735 404.031 403.432 402.899 402.428 402.039 401.861 401.697 401.537
503.065 503.538 495.204 482.474 472.59 472.851 475.127 479.152 482.116 486.123 490.119 493.604 497.062 501.357 507.207 516.381 523.886 531.522 538.022 539.538 539.55 539.517 538.61 535.202 532.583 528.406 522.712 515.548 508.304 500.69 492.446 483.291 475.669 467.03 460.222 453.991 453.365 458.509 464.676 467.586 467.155 464.5 458.809 452.109 445.93 440.835 436.175 431.944 427.537 424.293 420.034 415.986 412.578 409.867 408.344 407.357 406.739 406.492 406.161 405.658 405.1 404.4 403.868 403.359 402.907 402.641 402.383 402.119
512.322 507.923 497.928 486.548 478.154 478.026 480.443 484.097 486.673 490.404 494.277 497.735 501.436 505.656 512.269 522.039 528.233 533.983 538.751 539.549 539.549 539.516 538.645 535.455 532.853 529.489 524.481 517.988 510.503 501.77 493.49 485.888 479.085 470.335 463.048 454.517 449.599 453.928 459.779 463.325 463.534 460.447 455.531 449.793 444.591 439.6 435.24 431.322 427.313 424.133 419.968 416.029 412.848 410.177 408.671 407.599 406.81 406.6 406.484 406.355 406.025 405.387 404.925 404.463 404.077 403.892 403.52 403.101
517.608 509.723 500.388 489.914 483.67 484.787 486.751 489.365 491.409 494.704 498.883 503.261 507.501 512.646 519.816 527.645 531.919 536.435 539.148 539.456 539.448 539.384 538.277 535.108 532.595 529.283 525.563 519.907 512.8 504.679 496.123 488.648 482.145 473.425 466.085 457.708 449.032 448.864 453.788 456.654 458.389 456.558 451.771 447.76 443.115 438.399 434.15 430.264 426.47 423.573 419.503 415.959 412.992 410.426 409.038 407.915 407.02 406.712 406.474 406.337 406.086 405.775 405.497 405.058 404.657 404.572 404.3 403.828
518.004 510.571 501.641 491.613 488.458 490.064 491.996 494.245 496.376 500.893 506.025 511.447 515.489 519.644 526.204 531.461 534.235 538.018 539.264 539.319 539.225 538.534 535.926 532.554 529.817 526.187 522.133 516.655 511.158 505.355 498.16 490.736 484.309 475.185 467.086 458.872 450.123 444.553 447.171 449.795 452.72 452.848 448.529 445.125 441.188 436.861 432.932 429.007 425.34 422.54 418.862 415.671 412.935 410.515 409.38 408.319 407.37 407.011 406.612 406.373 406.107 405.953 405.839 405.368 404.572 404.156 403.808 403.295
519.412 510.636 501.608 493.386 492.77 494.4 496.587 500.274 503.519 509.418 515.454 519.239 521.862 524.944 530.037 534.23 536.391 538.795 538.967 538.843 537.961 535.901 533.024 529.492 526.57 522.625 518.081 511.937 505.822 498.956 492.121 486.321 481.607 474.531 467.322 459.723 451.277 443.76 442.079 444.635 447.923 448.808 445.335 442.653 439.025 435.108 431.411 427.666 424.153 421.478 418.181 415.338 412.898 410.98 410.033 409.003 407.956 407.584 407.214 406.877 406.528 406.362 406.25 405.715 404.777 404.087 403.445 402.9
522.16 512.486 501.864 496.435 497.409 499.786 503.527 508.237 512.568 518.269 521.709 524.336 526.382 528.912 532.75 534.886 535.406 534.835 534.831 535.241 534.287 532.617 530.305 526.489 523.351 518.873 513.586 507.222 500.676 493.569 486.569 479.848 475.316 470.331 464.964 459.091 451.498 444.572 439.957 441.671 444.164 445.077 442.434 440.026 436.865 433.169 429.531 425.986 422.597 420.172 417.555 414.976 413.05 411.97 411.181 410.092 409.119 408.693 408.304 407.748 407.143 406.807 406.584 406.006 405.071 404.35 403.541 402.931
524.355 514.561 503.361 501.939 504.93 508.265 512.501 517.237 519.889 523.275 525.658 528.072 529.648 529.521 530.084 530.446 529.509 528.272 528.657 528.771 527.868 526.842 525.741 523.006 519.728 514.718 508.858 502.531 495.804 488.201 478.948 471.618 468.474 464.638 460.416 455.156 449.865 444.354 438.503 439.19 440.412 441.362 439.75 437.601 434.52 430.855 427.284 423.801 420.858 418.963 416.941 414.838 413.667 413.037 412.349 411.438 410.592 410.014 409.367 408.646 407.871 407.156 406.639 406.092 405.332 404.718 403.912 403.214
526.702 515.294 506.416 510.195 514.59 517.787 520.889 523.626 525.366 526.843 529.119 529.77 526.948 524.365 524.085 523.254 521.767 520.667 520.803 520.743 519.795 518.807 518.063 517.943 516.197 510.68 504.513 498.178 490.834 482.282 472.464 464.696 460.83 456.919 454.15 450.801 447.219 442.659 437.498 437.448 438.108 438.48 437.403 435.261 432.261 429.036 425.558 422.34 419.819 418.288 416.409 415.146 414.449 413.768 413.096 412.426 411.631 411.058 410.267 409.439 408.47 407.487 406.789 406.225 405.657 405.106 404.291 403.553
530.043 518.787 514.611 520.02 523.321 526.2 527.978 529.385 529.724 530.588 530.948 526.667 522.358 519.091 515.424 513.058 511.734 511.102 510.994 510.96 510.352 509.726 509.366 510.076 510.754 507.308 500.929 494.256 486.78 477.956 468.367 459.236 453.742 449.525 447.617 445.839 442.918 439.687 435.927 435.721 436.613 436.773 435.437 433.26 430.689 427.87 424.857 421.938 419.617 418.071 416.499 415.561 414.779 414.06 413.334 412.698 412.134 411.692 410.92 409.957 408.907 407.875 407.091 406.538 406.042 405.515 404.679 403.871
535.958 525.551 524.36 528.01 530.662 533.269 534.696 534.603 534.396 533.22 528.625 522.436 517.274 511.986 506.742 502.514 500.378 499.92 499.74 499.936 500.133 500.185 500.669 501.397 501.78 501.55 497.321 490.815 483.528 474.807 465.954 457.511 451.349 444.066 441.486 440.431 438.328 436.219 434.128 433.702 434.708 434.8 433.453 431.597 429.369 426.76 424.074 421.469 419.579 418.207 416.731 415.851 415.019 414.249 413.566 412.951 412.358 411.885 411.138 410.187 409.216 408.277 407.474 406.948 406.465 405.916 405.056 404.232
541.214 533.5 534.015 535.706 537.378 539.289 539.555 538.934 537.974 533.261 526.359 519.624 512.049 505.342 499.115 493.784 490.348 488.547 487.845 488.027 489.195 490.367 491.197 492.145 492.635 492.531 491.372 487.262 480.227 472.15 463.802 455.931 449.609 441.575 436.603 435.21 434.46 433.217 432.064 431.368 432.126 432.37 431.374 429.743 427.802 425.385 422.841 420.594 419.21 418.182 416.935 415.995 415.101 414.377 413.762 413.148 412.447 411.873 411.154 410.36 409.549 408.748 408.036 407.376 406.77 406.175 405.304 404.603
546.236 541.387 541.9 542.944 544.031 544.493 543.897 542.852 540.742 533.726 525.768 517.465 508.955 500.127 493.052 486.382 481.395 477.519 475.263 475.701 477.101 478.525 479.863 481.228 482.157 482.492 481.223 480.126 475.442 467.527 459.971 453.632 447.916 440.477 435.229 432.672 431.716 430.932 430.155 428.866 429.088 429.261 428.483 426.974 425.484 423.493 421.517 419.78 418.584 417.74 416.764 415.876 415.048 414.332 413.717 413.057 412.328 411.792 411.165 410.547 409.881 409.109 408.351 407.481 406.641 406.065 405.24 404.769
553.699 549.793 549.447 550.502 550.796 550.413 549.582 548.003 544.08 536.737 528.261 519.174 509.296 499.656 492.394 485.914 480.357 473.78 468.02 463.698 463.042 465.714 467.368 468.797 469.935 470.898 471.045 469.729 466.639 461.061 455.192 449.681 445.4 439.171 434.81 432.294 430.013 429.234 428.162 426.118 425.554 425.49 424.944 423.833 422.832 421.288 420.019 418.883 417.819 417.093 416.253 415.613 414.984 414.27 413.617 412.95 412.289 411.836 411.23 410.574 409.844 409.013 408.096 407.178 406.356 405.821 405.099 404.788
564.977 561.295 559.862 559.026 557.899 557.249 556.049 552.032 547.288 540.594 532.824 524.045 514.439 506.001 498.832 492.27 487.761 482.112 475.271 466.34 458.425 454.745 455.433 456.666 458.22 459.822 460.633 460.264 458.005 453.948 449.846 444.92 441.523 437.008 434.137 431.67 429.133 427.482 425.829 423.714 422.897 422.773 422.372 421.752 421.096 420.118 419.224 418.452 417.694 417.078 416.321 415.749 415.177 414.543 413.869 413.178 412.515 412.043 411.421 410.607 409.673 408.779 407.819 406.89 406.125 405.616 405.056 404.818
577.806 574.011 570.762 567.441 565.142 564.349 562.955 556.113 550.585 543.76 537.126 529.506 520.77 512.673 505.469 498.661 493.99 488.693 481.22 471.23 461.407 453.883 448.713 446.567 447.984 450.233 451.131 451.282 449.969 446.695 443.065 439.585 437.749 435.128 433.065 430.566 428.235 426.576 424.714 423.268 423.287 423.16 422.663 421.865 421.033 420.269 419.599 418.906 418.105 417.51 416.773 416.155 415.507 414.876 414.217 413.515 412.821 412.32 411.634 410.662 409.61 408.615 407.659 406.747 406.059 405.641 405.122 404.838
585.189 582.899 580.369 576.612 573.599 572.12 569.659 560.478 554.107 546.91 540.336 533.928 526.003 518.343 512.148 505.416 500.341 492.741 483.669 473.21 462.428 453.821 448.856 447.478 446.934 445.751 444.779 443.55 442.301 440.491 438.2 435.785 434.584 433.368 431.856 429.773 428.292 427.105 425.604 424.615 424.714 424.665 424.331 423.55 422.427 421.231 420.319 419.404 418.532 417.871 417.1 416.356 415.66 414.986 414.293 413.542 412.875 412.343 411.577 410.609 409.552 408.593 407.732 406.841 406.171 405.759 405.243 404.91
