Topo_PY.asc
ncols         591
nrows         825
xllcorner     99.8092900000
yllcorner     19.1140303425
cellsize      0.00018075110000001
nodata_value  -9999.0
[rows 210 to 239 of 825, columns 0 to 67 of 591]
404.934 404.681 404.152 404.14 404.141 404.234 404.464 404.453 404.576 404.621 404.666 404.656 404.482 404.249 404.09 403.99 404.008 404.113 404.214 404.299 404.34 404.328 404.286 404.236 404.209 404.208 404.227 404.245 404.249 404.181 404.036 403.87 403.749 403.652 403.647 403.658 403.668 403.696 403.803 404.045 404.364 404.607 404.882 405.082 405.248 405.292 405.228 405.146 405.048 404.781 404.225 403.659 403.191 402.875 402.616 402.265 401.913 401.643 401.239 400.877 400.596 400.576 400.556 400.428 400.314 400.221 400.092 399.963
404.792 404.467 404.14 404.14 404.14 404.14 404.143 404.141 404.257 404.592 404.785 404.753 404.427 404.026 403.856 403.738 403.726 403.928 404.035 404.084 404.173 404.225 404.206 404.23 404.279 404.294 404.284 404.269 404.209 404.112 403.997 403.864 403.761 403.669 403.648 403.634 403.622 403.616 403.653 403.775 404.055 404.306 404.589 404.835 405.04 405.101 405.071 405.019 404.932 404.618 404.029 403.439 402.949 402.661 402.474 402.246 401.946 401.636 401.213 400.834 400.662 400.662 400.664 400.626 400.485 400.356 400.183 400.038
404.563 404.2 404.14 404.14 404.14 404.14 404.146 404.267 404.173 404.322 404.837 404.491 403.864 402.962 402.588 402.472 402.45 403.383 403.634 403.603 403.769 403.999 404.076 404.275 404.338 404.332 404.293 404.219 404.12 404.022 403.919 403.796 403.698 403.617 403.597 403.579 403.564 403.56 403.566 403.609 403.744 403.959 404.232 404.497 404.681 404.743 404.746 404.703 404.616 404.302 403.714 403.119 402.612 402.327 402.228 402.167 401.944 401.624 401.194 400.844 400.79 400.82 400.855 400.835 400.552 400.375 400.172 400.033
404.181 404.142 404.157 404.15 404.135 404.145 404.299 404.545 404.311 404.157 404.41 402.677 402.398 402.825 402.867 402.837 402.501 402.434 402.835 402.29 402.488 403.636 404.1 404.37 404.392 404.335 404.239 404.13 404.03 403.932 403.834 403.719 403.637 403.574 403.554 403.537 403.528 403.528 403.529 403.531 403.578 403.647 403.778 403.941 404.08 404.151 404.186 404.198 404.157 403.872 403.317 402.749 402.274 402.07 402.116 402.143 401.932 401.612 401.216 401.051 401.051 401.089 401.127 401.039 400.64 400.4 400.157 400.027
404.742 404.694 404.626 404.326 404.022 404.31 404.726 404.79 404.66 403.757 403.325 402.419 402.619 403.7 403.701 403.557 403.244 402.507 402.318 402.836 402.708 402.631 404.067 404.421 404.378 404.267 404.15 404.041 403.94 403.843 403.744 403.642 403.577 403.527 403.519 403.52 403.519 403.52 403.52 403.52 403.517 403.513 403.478 403.442 403.429 403.439 403.455 403.469 403.438 403.171 402.667 402.261 402.043 402.025 402.113 402.139 401.922 401.631 401.423 401.381 401.376 401.393 401.409 401.253 400.805 400.477 400.167 400.02
405.482 405.274 404.932 404.214 404.012 404.546 404.942 404.961 404.937 403.007 402.462 402.653 402.26 403.066 403.953 403.766 403.652 403.345 403.286 403.661 403.296 402.21 404.104 404.42 404.321 404.193 404.075 403.969 403.871 403.77 403.67 403.582 403.521 403.466 403.475 403.489 403.503 403.515 403.518 403.52 403.517 403.497 403.394 403.267 403.117 403.006 402.904 402.808 402.692 402.506 402.258 402.106 402.019 402.029 402.113 402.137 401.961 401.801 401.739 401.719 401.709 401.711 401.689 401.473 401.004 400.637 400.222 400.036
405.859 405.602 405.256 404.895 404.767 404.904 405.041 405.05 405.021 404.028 402.271 402.929 402.507 402.903 404.237 404.002 403.869 403.851 403.948 404.07 403.591 402.162 404.125 404.423 404.302 404.144 404.013 403.909 403.812 403.722 403.652 403.589 403.511 403.387 403.321 403.335 403.361 403.412 403.479 403.514 403.515 403.496 403.388 403.204 402.993 402.817 402.663 402.516 402.377 402.292 402.191 402.124 402.099 402.066 402.117 402.156 402.105 402.051 402.008 401.972 401.956 401.952 401.909 401.637 401.15 400.765 400.338 400.182
405.908 405.857 405.587 405.399 405.26 405.154 405.126 405.124 405.121 404.828 402.613 402.407 402.326 403.27 404.498 404.242 404.112 404.107 404.197 404.218 403.473 402.29 404.246 404.45 404.318 404.134 403.969 403.86 403.791 403.735 403.685 403.626 403.529 403.344 403.2 403.132 403.159 403.234 403.332 403.411 403.478 403.484 403.328 403.111 402.899 402.719 402.567 402.421 402.286 402.209 402.128 402.122 402.13 402.086 402.104 402.162 402.17 402.146 402.092 402.049 402.031 402.03 401.981 401.698 401.209 400.872 400.573 400.433
405.908 405.926 405.827 405.649 405.454 405.271 405.176 405.156 405.156 404.99 404.179 403.512 403.722 404.299 404.658 404.418 404.278 404.177 404.175 403.697 402.359 403.051 404.415 404.475 404.34 404.139 403.946 403.844 403.804 403.768 403.722 403.66 403.554 403.351 403.156 403.009 402.952 403.028 403.142 403.281 403.422 403.456 403.287 403.073 402.866 402.683 402.534 402.389 402.249 402.174 402.101 402.105 402.115 402.12 402.208 402.179 402.138 402.118 402.084 402.048 402.031 402.03 401.985 401.727 401.302 401.075 400.861 400.722
405.864 405.89 405.833 405.696 405.519 405.335 405.189 405.167 405.172 405.126 405.016 404.909 404.953 404.937 404.752 404.536 404.409 404.262 404.084 403.359 402.05 403.899 404.445 404.452 404.33 404.124 403.925 403.811 403.769 403.745 403.717 403.665 403.559 403.353 403.145 402.944 402.84 402.915 403.077 403.258 403.385 403.395 403.25 403.061 402.858 402.678 402.528 402.386 402.246 402.172 402.101 402.103 402.115 402.165 402.259 402.203 402.096 402.081 402.058 402.036 402.03 402.03 401.991 401.788 401.514 401.356 401.152 401.011
405.857 405.818 405.753 405.636 405.468 405.302 405.182 405.17 405.176 405.177 405.161 405.144 405.124 405.009 404.83 404.659 404.572 404.416 404.165 403.283 402.056 403.498 404.13 404.382 404.289 404.094 403.899 403.761 403.716 403.708 403.706 403.648 403.523 403.3 403.082 402.874 402.769 402.886 403.086 403.278 403.121 402.703 402.985 403.042 402.842 402.668 402.523 402.38 402.239 402.169 402.101 402.103 402.114 402.157 402.236 402.163 402.056 402.042 402.03 402.029 402.03 402.03 402.006 401.906 401.727 401.588 401.408 401.279
405.781 405.73 405.665 405.56 405.403 405.285 405.194 405.184 405.21 405.221 405.232 405.239 405.196 405.108 404.967 404.801 404.724 404.579 404.294 403.607 402.408 402.508 403.66 404.222 404.224 404.055 403.857 403.727 403.7 403.705 403.707 403.624 403.481 403.241 403.01 402.794 402.708 402.863 403.074 403.224 402.981 402.732 402.868 403.009 402.833 402.664 402.517 402.375 402.235 402.168 402.097 402.1 402.115 402.16 402.227 402.13 402.023 402.022 402.016 402.018 402.029 402.031 402.028 401.974 401.805 401.67 401.523 401.417
405.7 405.648 405.58 405.494 405.4 405.34 405.299 405.354 405.53 405.515 405.523 405.504 405.503 405.456 405.099 404.897 404.851 404.674 404.304 403.9 403.253 402.378 402.389 403.677 404.026 403.992 403.795 403.708 403.7 403.707 403.706 403.599 403.441 403.196 402.956 402.723 402.645 402.836 403.058 403.16 403.047 402.966 402.837 402.968 402.826 402.662 402.514 402.374 402.235 402.164 402.091 402.106 402.129 402.17 402.225 402.122 402.015 402.019 402.014 402.011 402.027 402.037 402.036 401.998 401.622 401.088 401.335 401.467
405.744 405.684 405.61 405.539 405.53 405.602 405.55 405.4 405.346 405.302 405.279 405.259 405.212 405.143 404.889 404.97 405.01 404.876 404.358 403.944 403.709 403.301 402.524 402.17 403.294 403.896 403.747 403.701 403.705 403.71 403.705 403.571 403.4 403.158 402.917 402.683 402.633 402.844 403.069 403.28 403.308 403.247 403.106 403.011 402.822 402.661 402.513 402.368 402.231 402.164 402.108 402.092 402.089 402.14 402.221 402.117 402.015 402.018 402.011 402.01 402.024 402.038 402.04 402.012 401.615 401.146 401.418 401.516
406.339 406.22 406.04 405.947 405.648 405.317 405.091 404.993 405.009 405.025 405.051 405.102 405.078 404.933 404.883 404.975 404.913 404.767 404.743 404.593 404.101 403.954 403.223 402.097 403.141 403.797 403.708 403.7 403.707 403.71 403.704 403.547 403.366 403.124 402.882 402.669 402.658 402.87 403.088 403.308 403.437 403.368 403.192 402.999 402.801 402.646 402.506 402.349 402.215 402.172 402.156 402.13 402.093 402.072 402.093 402.029 402.015 402.02 402.018 402.019 402.036 402.04 402.04 402.019 401.917 401.818 401.683 401.564
405.662 405.636 405.573 405.477 405.267 405.057 404.922 404.871 404.865 404.855 404.889 404.971 405.001 404.892 404.914 404.993 404.897 404.553 403.759 402.947 403.462 403.89 402.895 403.279 404.468 404.169 403.721 403.7 403.703 403.707 403.703 403.529 403.342 403.095 402.848 402.656 402.681 402.892 403.107 403.326 403.445 403.358 403.168 402.965 402.762 402.62 402.474 402.308 402.176 402.15 402.147 402.147 402.135 402.099 402.049 402.022 402.016 402.021 402.028 402.032 402.039 402.04 402.04 402.022 401.932 401.84 401.712 401.578
405.342 405.331 405.311 405.272 405.103 404.924 404.761 404.681 404.668 404.668 404.715 404.809 404.884 404.849 404.895 404.916 404.816 404.502 402.976 402.209 402.757 402.901 403.065 404.016 404.349 404.246 403.721 403.7 403.701 403.707 403.693 403.508 403.321 403.071 402.82 402.65 402.704 402.909 403.118 403.329 403.427 403.321 403.123 402.917 402.716 402.605 402.416 402.243 402.116 402.092 402.103 402.135 402.159 402.144 402.102 402.063 402.049 402.046 402.037 402.034 402.04 402.04 402.04 402.024 401.939 401.841 401.697 401.546
405.139 405.129 405.112 405.077 404.893 404.668 404.478 404.394 404.389 404.42 404.547 404.742 404.819 404.83 404.832 404.808 404.719 404.435 402.786 403.089 403.949 404.206 404.252 404.236 404.398 404.042 403.721 403.7 403.705 403.708 403.676 403.483 403.29 403.022 402.759 402.603 402.687 402.881 403.086 403.292 403.381 403.271 403.077 402.873 402.677 402.565 402.248 402.085 402.048 402.05 402.082 402.129 402.167 402.179 402.161 402.123 402.103 402.094 402.08 402.068 402.058 402.047 402.046 402.029 401.93 401.817 401.658 401.502
404.853 404.751 404.601 404.357 404.336 404.025 403.997 404.027 404.029 404.048 404.074 404.638 404.821 404.853 404.824 404.741 404.63 404.374 402.785 403.471 403.898 403.995 404.054 404.105 404.207 403.909 403.717 403.701 403.69 403.663 403.582 403.388 403.202 402.933 402.666 402.536 402.66 402.847 403.038 403.243 403.332 403.226 403.031 402.833 402.652 402.461 402.191 402.129 402.07 402.059 402.089 402.131 402.171 402.2 402.198 402.184 402.164 402.147 402.124 402.098 402.072 402.052 402.05 402.032 401.947 401.819 401.634 401.464
405.092 405.057 404.935 404.708 404.508 404.323 404.218 404.193 404.178 404.174 404.106 404.273 404.8 404.884 404.859 404.658 404.513 404.201 402.736 403.216 403.738 403.815 403.87 403.981 404.026 403.752 403.642 403.61 403.579 403.539 403.408 403.212 403.047 402.817 402.564 402.471 402.64 402.822 403.006 403.198 403.278 403.179 403.001 402.825 402.65 402.485 402.336 402.212 402.114 402.099 402.122 402.157 402.181 402.195 402.212 402.209 402.186 402.168 402.138 402.104 402.075 402.052 402.05 402.043 401.991 401.854 401.65 401.455
405.076 405.022 404.959 404.85 404.645 404.422 404.215 404.125 404.111 404.113 404.168 404.07 404.701 404.735 404.646 403.969 403.954 403.86 402.737 402.324 403.541 403.728 403.791 403.931 403.924 403.631 403.535 403.471 403.438 403.372 403.207 403.008 402.857 402.652 402.451 402.443 402.617 402.795 402.973 403.151 403.23 403.164 403.002 402.833 402.659 402.495 402.364 402.26 402.169 402.152 402.168 402.181 402.18 402.191 402.203 402.185 402.16 402.148 402.123 402.098 402.079 402.054 402.051 402.048 401.993 401.876 401.675 401.458
405.028 404.971 404.905 404.787 404.577 404.356 404.168 404.106 404.1 404.098 404.048 404.095 404.466 404.409 404.371 404.478 404.81 404.745 403.325 402.052 402.567 403.6 403.737 403.758 403.808 404.018 403.691 403.381 403.319 403.185 403.002 402.807 402.68 402.528 402.402 402.415 402.556 402.731 402.908 403.079 403.175 403.152 403.004 402.835 402.66 402.493 402.394 402.305 402.218 402.198 402.195 402.184 402.18 402.188 402.179 402.143 402.117 402.105 402.09 402.076 402.081 401.999 401.844 401.81 401.756 401.789 401.804 401.74
404.957 404.911 404.845 404.721 404.523 404.322 404.146 404.102 404.1 404.098 404.032 404.147 404.708 405.012 405.163 405.218 405.243 405.226 404.028 402.11 402.064 403.135 403.594 403.53 403.411 403.46 403.672 403.899 403.456 403.063 402.874 402.727 402.63 402.5 402.395 402.387 402.495 402.659 402.846 403.008 403.116 403.142 403 402.806 402.58 402.401 402.316 402.245 402.213 402.21 402.197 402.184 402.177 402.171 402.142 402.106 402.079 402.061 402.054 402.055 402.155 402.247 402.156 401.984 401.794 401.696 401.736 401.717
404.888 404.845 404.785 404.668 404.486 404.292 404.126 404.1 404.099 404.086 404.029 404.02 404.738 405.692 405.71 405.804 405.863 405.88 405.311 403.535 402.072 402.064 402.514 402.794 402.355 402.685 403.021 403.344 403.776 403.539 402.975 402.76 402.62 402.492 402.39 402.379 402.497 402.64 402.995 403.11 403.137 403.147 402.968 402.721 402.47 402.287 402.232 402.221 402.234 402.228 402.197 402.184 402.175 402.157 402.123 402.099 402.085 402.085 402.211 402.374 402.157 401.873 401.515 401.036 400.965 401.078 401.244 401.403
404.833 404.791 404.732 404.612 404.425 404.228 404.099 404.132 404.107 404.04 404.01 404.231 405.304 406.554 406.562 406.403 406.51 406.55 406.397 405.445 403.738 402.637 402.067 402.045 402.04 402.061 402.422 402.633 403.039 403.491 403.858 403.253 402.661 402.485 402.436 402.459 402.927 403.281 402.909 402.895 402.979 403.029 403.051 403.03 402.923 402.846 402.813 402.834 402.837 402.656 402.235 402.224 402.235 402.22 402.195 402.416 402.556 402.471 402.202 401.81 401.233 401.018 400.871 400.808 400.829 400.933 401.112 401.389
404.778 404.741 404.68 404.549 404.334 404.068 404.027 404.07 404.071 404.064 404.266 405.028 405.99 407.183 407.338 406.998 407.115 407.223 407.16 406.657 405.608 404.636 403.811 403.243 402.791 402.063 402.054 402.138 402.202 402.167 402.946 403.685 403.324 402.728 403.43 403.564 403.232 402.885 402.583 402.64 402.727 402.773 402.792 402.675 402.61 402.637 402.647 402.665 402.691 402.785 402.842 402.869 402.844 402.82 402.737 402.555 402.335 401.891 401.563 401.301 401.079 400.899 400.828 400.801 400.815 400.884 401.094 401.414
404.738 404.697 404.628 404.475 404.251 404.051 404.035 404.042 404.04 404.168 404.848 405.773 406.683 407.515 408.067 407.693 407.823 407.934 407.911 407.477 406.624 405.792 405.114 404.378 403.826 403.011 402.439 402.234 402.272 402.065 402.155 403.157 403.629 403.564 403.169 402.861 402.46 402.455 402.464 402.493 402.548 402.595 402.583 402.461 402.337 402.371 402.371 402.339 402.236 402.213 402.492 402.629 402.653 402.608 402.437 402.136 401.984 401.831 401.624 401.42 401.218 401.006 400.934 400.888 400.837 400.848 401.101 401.423
404.746 404.691 404.583 404.458 404.285 404.093 404.1 404.091 404.132 404.53 405.543 406.573 407.408 407.922 408.712 408.47 408.553 408.654 408.624 408.212 407.411 406.599 405.788 404.998 404.545 404.089 403.755 403.343 403.172 402.28 402.047 402.72 402.992 402.752 402.518 402.381 402.367 402.416 402.463 402.483 402.492 402.492 402.466 402.404 402.395 402.45 402.471 402.366 402.187 402.122 402.127 402.18 402.234 402.237 402.171 402.081 401.995 401.936 401.819 401.648 401.405 401.155 401.024 400.883 400.736 400.724 401.027 401.141
404.747 404.64 404.508 404.403 404.295 404.145 404.062 404.187 404.413 405.155 406.327 407.336 408.088 408.619 409.474 409.334 409.249 409.235 409.211 408.844 408.091 407.337 406.558 405.779 405.34 404.867 404.636 404.433 404.052 402.945 402.041 402.563 402.887 402.722 402.546 402.217 402.049 402.068 402.192 402.694 402.74 402.704 402.608 402.374 402.164 402.163 402.358 402.342 402.134 402.061 402.056 402.08 402.113 402.126 402.08 402.035 402.03 402.016 401.976 401.836 401.438 401.102 400.859 400.627 400.587 400.58 400.647 400.635
404.643 404.548 404.423 404.326 404.254 404.21 404.308 404.813 405.271 406.129 407.191 408.077 408.76 409.308 410.143 410.098 409.797 409.724 409.688 409.309 408.722 408.041 407.369 406.644 406.225 405.926 405.75 405.46 404.915 403.889 402.479 402.045 402.067 402.174 402.132 402.49 402.987 402.943 402.405 402.115 402.072 402.083 402.097 402.202 402.167 402.16 402.06 402.289 402.235 402.06 402.04 402.04 402.048 402.067 402.049 402.027 402.035 402.061 402.202 401.683 400.761 400.653 400.597 400.865 401.623 401.547 401.146 401.168
